{
 "cells": [
  {
   "cell_type": "code",
   "execution_count": 1,
   "metadata": {},
   "outputs": [
    {
     "name": "stdout",
     "output_type": "stream",
     "text": [
      "Current device: CPU\n"
     ]
    }
   ],
   "source": [
    "import numpy as np\n",
    "import matplotlib.pyplot as plt\n",
    "import torch\n",
    "import torch.nn as nn\n",
    "import torch.optim as optim\n",
    "from data import input_data\n",
    "import dataloader as dl\n",
    "from args import Args\n",
    "from model import Het_En, Classifier, EdgePredictor\n",
    "from smote import smote\n",
    "from train import train_smote, test_smote\n",
    "\n",
    "# Set device to GPU if available, else use CPU\n",
    "device = torch.device(\"cuda\")\n",
    "print(f\"Current device: {torch.cuda.get_device_name(torch.cuda.current_device())}\" if torch.cuda.is_available() else \"Current device: CPU\")\n",
    "torch.cuda.empty_cache()"
   ]
  },
  {
   "cell_type": "code",
   "execution_count": 2,
   "metadata": {},
   "outputs": [
    {
     "name": "stdout",
     "output_type": "stream",
     "text": [
      "HeteroData(\n",
      "  \u001b[1ma\u001b[0m={\n",
      "    num_nodes=28645,\n",
      "    y=[28645]\n",
      "  },\n",
      "  \u001b[1mp\u001b[0m={ num_nodes=21044 },\n",
      "  \u001b[1mv\u001b[0m={ num_nodes=18 },\n",
      "  \u001b[1mp_title_embed\u001b[0m={ x=[21044, 128] },\n",
      "  \u001b[1mp_abstract_embed\u001b[0m={ x=[21044, 128] },\n",
      "  \u001b[1mp_net_embed\u001b[0m={ x=[21044, 128] },\n",
      "  \u001b[1mp_a_net_embed\u001b[0m={ x=[21044, 128] },\n",
      "  \u001b[1mp_p_net_embed\u001b[0m={ x=[21044, 128] },\n",
      "  \u001b[1mp_v_net_embed\u001b[0m={ x=[21044, 128] },\n",
      "  \u001b[1ma_net_embed\u001b[0m={ x=[28645, 128] },\n",
      "  \u001b[1ma_text_embed\u001b[0m={ x=[28645, 128] },\n",
      "  \u001b[1mv_net_embed\u001b[0m={ x=[18, 128] },\n",
      "  \u001b[1mv_text_embed\u001b[0m={ x=[18, 128] },\n",
      "  \u001b[1m(a, walk, a)\u001b[0m={ edge_index=[2, 198912] },\n",
      "  \u001b[1m(a, walk, p)\u001b[0m={ edge_index=[2, 144965] },\n",
      "  \u001b[1m(a, walk, v)\u001b[0m={ edge_index=[2, 42500] },\n",
      "  \u001b[1m(p, walk, a)\u001b[0m={ edge_index=[2, 137499] },\n",
      "  \u001b[1m(p, walk, p)\u001b[0m={ edge_index=[2, 158408] },\n",
      "  \u001b[1m(p, walk, v)\u001b[0m={ edge_index=[2, 29341] },\n",
      "  \u001b[1m(v, walk, a)\u001b[0m={ edge_index=[2, 180] },\n",
      "  \u001b[1m(v, walk, p)\u001b[0m={ edge_index=[2, 180] },\n",
      "  \u001b[1m(v, walk, v)\u001b[0m={ edge_index=[2, 31] }\n",
      ")\n"
     ]
    }
   ],
   "source": [
    "args = Args() \n",
    "# data = input_data(args) \n",
    "# torch.save(data, 'data.pt')\n",
    "data = torch.load('data.pt')\n",
    "print(data)"
   ]
  },
  {
   "cell_type": "code",
   "execution_count": 3,
   "metadata": {},
   "outputs": [
    {
     "name": "stdout",
     "output_type": "stream",
     "text": [
      "tensor([[    0,     0,     0,  ..., 28644, 28644, 28644],\n",
      "        [11846, 11765, 12754,  ...,  4378, 20250,  6612]])\n"
     ]
    }
   ],
   "source": [
    "print(data['a','walk','p'].edge_index)"
   ]
  },
  {
   "cell_type": "code",
   "execution_count": 4,
   "metadata": {},
   "outputs": [],
   "source": [
    "lr = 0.0001\n",
    "num_epochs = 100\n",
    "weight_decay = 5e-4\n",
    "embed_dim = 128\n",
    "dropout = 0.1\n",
    "im_class_num = [1]\n",
    "im_ratio = [0.5]\n",
    "class_sample_num = 200\n",
    "nclass = 4\n",
    "node_dim = [args.A_n, args.P_n, args.V_n]"
   ]
  },
  {
   "cell_type": "code",
   "execution_count": 5,
   "metadata": {},
   "outputs": [
    {
     "name": "stdout",
     "output_type": "stream",
     "text": [
      "[200, 100, 200, 200] 700\n",
      "0 3508\n",
      "1 1946\n",
      "2 2890\n",
      "3 3016\n",
      "train_idx:  [21569, 2741, 6174, 12435, 12944, 8154, 632, 26879, 28247, 11345, 18808, 20332, 22710, 452, 20759, 8412, 3257, 8539, 704, 10784, 24277, 8812, 24963, 9127, 1774, 18137, 23844, 7278, 20715, 5671, 15297, 16221, 4353, 22773, 19243, 5710, 5853, 1406, 4334, 12342, 5594, 12054, 17175, 27624, 3578, 4177, 22116, 11133, 12288, 16870, 12158, 18384, 23401, 23981, 7441, 7825, 23528, 17714, 21992, 26063, 14171, 4394, 21036, 2649, 8077, 27828, 23788, 7042, 27753, 10197, 4889, 21228, 8057, 18261, 22922, 9424, 9791, 11746, 9535, 7202, 6608, 13592, 21399, 18999, 8429, 14794, 8591, 16813, 25293, 2028, 10414, 20714, 22384, 1704, 24313, 18695, 11291, 752, 24878, 21978, 11040, 19805, 24329, 20593, 15473, 2513, 2419, 15884, 14619, 3681, 27792, 9190, 10347, 21944, 21445, 24612, 17002, 6918, 17061, 2731, 11610, 4523, 5297, 19006, 18360, 2548, 3797, 1226, 12974, 17336, 24946, 16109, 7659, 8106, 12194, 16338, 26994, 10112, 10312, 23422, 16521, 8203, 11169, 15864, 12624, 22482, 11223, 9943, 19114, 17527, 22883, 9388, 17036, 17378, 25280, 15942, 15927, 933, 2241, 21411, 28080, 11339, 17650, 1044, 18105, 23151, 17325, 20917, 10370, 17030, 22174, 10301, 7269, 17443, 16482, 9967, 10257, 21375, 24832, 8345, 21314, 611, 16686, 6988, 10542, 16704, 17655, 16939, 10180, 3794, 26312, 13590, 6602, 12201, 5787, 11157, 15951, 18536, 24927, 5846, 18217, 14829, 3864, 11785, 81, 2339, 17324, 15257, 1512, 2021, 21322, 19367, 20958, 3760, 27064, 7208, 28220, 21740, 21141, 17286, 2890, 1316, 1282, 12812, 1780, 9891, 15789, 16667, 18867, 20850, 11498, 11698, 966, 14649, 7761, 25823, 22508, 25507, 5698, 27581, 1778, 15937, 17083, 1027, 6514, 3553, 8594, 7767, 6151, 28079, 16230, 10975, 24252, 10936, 3175, 14976, 26835, 23999, 180, 22622, 16620, 15024, 19354, 25292, 17320, 26639, 14221, 23894, 9940, 17346, 20947, 21743, 10970, 2083, 6239, 9970, 18260, 8254, 16137, 8829, 14588, 19479, 22685, 8538, 26510, 5012, 24265, 14151, 16838, 13644, 9660, 19710, 14726, 4374, 13030, 3839, 27075, 25267, 27302, 19528, 16880, 8962, 11931, 17424, 14592, 28494, 4141, 19117, 14599, 4647, 19407, 28043, 16913, 26809, 4381, 13697, 6622, 7142, 5312, 27293, 5867, 22397, 23380, 14429, 4910, 2332, 23167, 7368, 19699, 16826, 23728, 15136, 12007, 27555, 6139, 26905, 22044, 17254, 10611, 16237, 21549, 23247, 20645, 1164, 550, 8211, 25991, 5399, 926, 6761, 12556, 17737, 23398, 16183, 3697, 18598, 27695, 18371, 2512, 511, 5741, 2746, 5462, 11626, 18379, 6112, 2996, 7342, 27128, 15014, 19053, 4401, 26176, 10011, 554, 27734, 6352, 27139, 10754, 12663, 20167, 24444, 13105, 17473, 20618, 27336, 8313, 10809, 20156, 8950, 335, 11909, 12725, 3519, 7267, 22513, 26579, 9904, 22353, 7021, 10233, 17578, 10968, 23758, 28487, 7509, 7086, 10890, 27490, 25309, 12, 7737, 28199, 15493, 7144, 25393, 6150, 19411, 14888, 706, 3021, 3275, 6766, 19986, 15396, 23604, 26753, 1531, 24843, 8732, 20193, 18658, 2962, 8940, 2361, 14239, 18593, 28188, 16102, 13305, 24474, 22426, 2257, 2307, 15231, 19549, 13424, 9797, 27453, 26637, 27113, 7695, 25993, 9104, 27587, 918, 9737, 12710, 20041, 16940, 3605, 9450, 21240, 11143, 7347, 13532, 2348, 4351, 8747, 14530, 19915, 8355, 19149, 21086, 13064, 4233, 5601, 22580, 3925, 11478, 25407, 10439, 11980, 4152, 8004, 18610, 10842, 27442, 13263, 16143, 26863, 6445, 10187, 11917, 5554, 21626, 27713, 62, 9757, 627, 288, 17042, 2538, 21508, 26908, 10996, 13508, 27072, 11996, 1732, 2477, 375, 6296, 13940, 26429, 21511, 6282, 12388, 4509, 10418, 14460, 9369, 11101, 24018, 2184, 10357, 25660, 16829, 14386, 9254, 22358, 14967, 18652, 39, 23964, 10810, 11441, 23632, 21264, 17532, 9945, 13680, 24471, 10646, 28571, 14699, 27410, 24051, 3562, 13934, 14784, 4672, 474, 10455, 23849, 16888, 19619, 26559, 2073, 17554, 16434, 22604, 14002, 15263, 21921, 6325, 27305, 23524, 12034, 17629, 19254, 25146, 1205, 3292, 16700, 25724, 9698, 26775, 13624, 10356, 15635, 20812, 27212, 16995, 16316, 8377, 8521, 20316, 18847, 1618, 18419, 1333, 17101, 21054, 8097, 27768, 10772, 8401, 23425, 17283, 3002, 24300, 3063, 21556, 11149, 21744, 7584, 21684, 14667, 20034, 20936, 19625, 13749, 6320, 11988, 27741, 19372, 9146, 1475, 3813, 13468, 7361, 5592, 16927, 26920, 10783, 22690, 21938, 12953, 4541, 4033, 16609, 18803, 4245, 18128, 16064, 8199, 10662, 9813, 27174, 3127, 8110, 7296, 15697, 10071, 14758, 19309, 6714, 12030, 91, 22052, 10316, 3701, 11457, 23123, 5636, 18737, 23924, 21261, 12541, 153, 20586, 146, 3461, 27312, 11827, 17332, 6198, 540, 12470, 531, 28187, 21142, 3833, 15432, 25220, 11028, 2834, 9626, 55, 6951, 17356, 5668, 1812, 5178, 22462, 23455, 16608, 12878, 25621, 19976, 2760, 17596, 19638, 17937, 1426, 8833, 6170, 21238, 6605] 700\n",
      "val_idx:  [26880, 19739, 25182, 17294, 11206, 212, 18409, 7554, 14115, 7871, 5943, 3901, 10240, 16568, 9135, 4835, 11284, 813, 8018, 11734, 2620, 14091, 21364, 16833, 12691, 22280, 18039, 5654, 6700, 1937, 7758, 18676, 4241, 14573, 17103, 17602, 9348, 8148, 9602, 13710, 22029, 20340, 4431, 9399, 3028, 24633, 20166, 20050, 2993, 20853, 1322, 13153, 2617, 167, 26731, 24048, 1331, 23364, 24584, 20617, 17780, 27582, 4881, 1314, 20614, 4335, 20627, 27350, 12864, 18009, 19048, 6920, 350, 22263, 6986, 24121, 1579, 11080, 20678, 14046, 8925, 16561, 21674, 24523, 26762, 1154, 1641, 620, 25076, 13137, 7059, 4118, 3775, 4134, 20971, 9518, 12197, 12833, 6797, 22089] 100\n",
      "test_idx:  [8208, 13562, 27446, 6551, 16837, 11313, 69, 14855, 14988, 22783, 1662, 4643, 21059, 20021, 5226, 5903, 27110, 26851, 19390, 10550, 5521, 18348, 9531, 23668, 25367, 12781, 27391, 14650, 28313, 16788, 9208, 18729, 24475, 22151, 23525, 8098, 11522, 22478, 19208, 25490, 20212, 23544, 710, 14275, 6483, 16372, 68, 27152, 9126, 12741, 22912, 10556, 8781, 14123, 5393, 967, 10077, 5707, 20183, 6249, 8583, 19947, 8276, 23535, 12484, 2967, 5198, 106, 7245, 5386, 25503, 17247, 696, 11811, 10648, 4270, 7765, 17035, 17250, 11732, 21263, 23074, 19597, 18076, 19585, 24168, 8685, 1594, 17266, 27375, 15673, 7250, 10375, 7419, 11877, 18586, 3160, 28511, 4086, 27103, 24458, 27356, 23328, 21381, 16489, 789, 7521, 1580, 13108, 17507, 11743, 2337, 17995, 27871, 27991, 223, 10014, 6765, 25941, 11878, 5719, 12433, 12809, 7994, 5273, 20315, 27563, 22276, 6492, 4253, 23339, 847, 249, 4981, 21742, 11533, 3140, 8974, 767, 24416, 7722, 16730, 16011, 23631, 17450, 6958, 17328, 3692, 11380, 6538, 20200, 26236, 6941, 17633, 11613, 27860, 26553, 631, 23689, 18325, 6132, 1803, 16369, 25852, 15303, 20287, 8846, 14559, 2607, 11814, 13411, 20914, 4995, 23064, 2217, 6491, 7950, 18141, 22857, 22441, 14804, 9335, 28311, 4388, 20155, 2410, 20483, 20893, 13010, 22747, 8155, 12654, 26838, 4530, 181, 4481, 950, 3573, 2250, 8235, 388, 8984, 22634, 17058, 3438, 13936, 14179, 7150, 14200, 8439, 17485, 14219, 13986, 3500, 18656, 19413, 8703, 25411, 28115, 14045] 220\n"
     ]
    }
   ],
   "source": [
    "c_train_num = dl.train_num(data['a'].y, im_class_num, class_sample_num, im_ratio)\n",
    "print(c_train_num, sum(c_train_num))\n",
    "train_idx, val_idx, test_idx, c_num_mat = dl.segregate(data['a'].y, c_train_num)\n",
    "print(\"train_idx: \", train_idx, len(train_idx))\n",
    "print(\"val_idx: \", val_idx, len(val_idx))\n",
    "print(\"test_idx: \", test_idx, len(test_idx))\n",
    "# print(c_num_mat)"
   ]
  },
  {
   "cell_type": "code",
   "execution_count": 6,
   "metadata": {},
   "outputs": [],
   "source": [
    "encoder = Het_En(node_dim, embed_dim, dropout)\n",
    "decoder = EdgePredictor(embed_dim)\n",
    "classifier = Classifier(embed_dim, nclass, dropout)\n",
    "#print(features.shape)"
   ]
  },
  {
   "cell_type": "code",
   "execution_count": 7,
   "metadata": {},
   "outputs": [],
   "source": [
    "# new_features, new_labels , new_train_idx = smote(features = data['a_net_embed'].x, labels = data['a'].y, \n",
    "#                                             train_idx = train_idx, portion = 0, im_class_num = im_class_num)\n",
    "# print(new_features.shape, new_labels.shape, new_train_idx.shape)"
   ]
  },
  {
   "cell_type": "markdown",
   "metadata": {},
   "source": [
    "## Training Part"
   ]
  },
  {
   "cell_type": "code",
   "execution_count": 8,
   "metadata": {},
   "outputs": [
    {
     "name": "stdout",
     "output_type": "stream",
     "text": [
      "Epoch [1/100], Loss: 1.3874, Accuracy: 0.2343, Edge Accuracy: 1.0000\n",
      "tensor([[0.2527, 0.2542, 0.2552, 0.2378],\n",
      "        [0.2483, 0.2462, 0.2665, 0.2390],\n",
      "        [0.2549, 0.2490, 0.2570, 0.2392],\n",
      "        ...,\n",
      "        [0.2476, 0.2466, 0.2640, 0.2418],\n",
      "        [0.2480, 0.2536, 0.2558, 0.2426],\n",
      "        [0.2528, 0.2571, 0.2511, 0.2390]], grad_fn=<SoftmaxBackward0>)\n",
      "Class 0:AUC-ROC- 0.6675, F1 Score- 0.5045; Class 1:AUC-ROC- 0.4754, F1 Score- 0.2194; Class 2:AUC-ROC- 0.3656, F1 Score- 0.4385; Class 3:AUC-ROC- 0.5011, F1 Score- 0.0000; Macro-Average AUC-ROC: 0.5024,Macro-Average F1 Score: 0.2906\n",
      "Validation Loss: 1.3843, Validation Accuracy: 0.2800, Validation Edge Accuracy: 1.0000\n",
      "tensor([[0.2543, 0.2512, 0.2586, 0.2359],\n",
      "        [0.2482, 0.2519, 0.2585, 0.2414],\n",
      "        [0.2537, 0.2501, 0.2573, 0.2389],\n",
      "        ...,\n",
      "        [0.2542, 0.2500, 0.2567, 0.2391],\n",
      "        [0.2525, 0.2519, 0.2559, 0.2397],\n",
      "        [0.2489, 0.2508, 0.2588, 0.2414]])\n",
      "Class 0:AUC-ROC- 0.7295, F1 Score- 0.2589; Class 1:AUC-ROC- 0.5465, F1 Score- 0.1270; Class 2:AUC-ROC- 0.3777, F1 Score- 0.1833; Class 3:AUC-ROC- 0.5892, F1 Score- 0.0000; Macro-Average AUC-ROC: 0.5607,Macro-Average F1 Score: 0.1423\n",
      "Epoch [2/100], Loss: 1.3845, Accuracy: 0.2814, Edge Accuracy: 1.0000\n",
      "tensor([[0.2520, 0.2486, 0.2608, 0.2386],\n",
      "        [0.2497, 0.2499, 0.2600, 0.2404],\n",
      "        [0.2524, 0.2502, 0.2568, 0.2406],\n",
      "        ...,\n",
      "        [0.2496, 0.2490, 0.2597, 0.2417],\n",
      "        [0.2500, 0.2498, 0.2569, 0.2434],\n",
      "        [0.2549, 0.2514, 0.2569, 0.2368]], grad_fn=<SoftmaxBackward0>)\n",
      "Class 0:AUC-ROC- 0.8274, F1 Score- 0.5405; Class 1:AUC-ROC- 0.5053, F1 Score- 0.2426; Class 2:AUC-ROC- 0.3486, F1 Score- 0.4444; Class 3:AUC-ROC- 0.6852, F1 Score- 0.0000; Macro-Average AUC-ROC: 0.5916,Macro-Average F1 Score: 0.3069\n",
      "Validation Loss: 1.3822, Validation Accuracy: 0.2800, Validation Edge Accuracy: 1.0000\n",
      "tensor([[0.2550, 0.2495, 0.2585, 0.2370],\n",
      "        [0.2481, 0.2500, 0.2587, 0.2432],\n",
      "        [0.2547, 0.2483, 0.2576, 0.2394],\n",
      "        ...,\n",
      "        [0.2553, 0.2482, 0.2567, 0.2398],\n",
      "        [0.2535, 0.2500, 0.2561, 0.2405],\n",
      "        [0.2489, 0.2489, 0.2593, 0.2428]])\n",
      "Class 0:AUC-ROC- 0.8096, F1 Score- 0.2583; Class 1:AUC-ROC- 0.6043, F1 Score- 0.1137; Class 2:AUC-ROC- 0.4655, F1 Score- 0.1833; Class 3:AUC-ROC- 0.6843, F1 Score- 0.0000; Macro-Average AUC-ROC: 0.6409,Macro-Average F1 Score: 0.1388\n",
      "Epoch [3/100], Loss: 1.3814, Accuracy: 0.3014, Edge Accuracy: 1.0000\n",
      "tensor([[0.2521, 0.2467, 0.2618, 0.2395],\n",
      "        [0.2497, 0.2483, 0.2606, 0.2413],\n",
      "        [0.2526, 0.2484, 0.2577, 0.2412],\n",
      "        ...,\n",
      "        [0.2497, 0.2479, 0.2597, 0.2427],\n",
      "        [0.2500, 0.2486, 0.2576, 0.2438],\n",
      "        [0.2550, 0.2495, 0.2580, 0.2375]], grad_fn=<SoftmaxBackward0>)\n",
      "Class 0:AUC-ROC- 0.8869, F1 Score- 0.5369; Class 1:AUC-ROC- 0.6159, F1 Score- 0.1852; Class 2:AUC-ROC- 0.4500, F1 Score- 0.4444; Class 3:AUC-ROC- 0.7686, F1 Score- 0.0000; Macro-Average AUC-ROC: 0.6804,Macro-Average F1 Score: 0.2916\n",
      "Validation Loss: 1.3801, Validation Accuracy: 0.2900, Validation Edge Accuracy: 1.0000\n",
      "tensor([[0.2557, 0.2479, 0.2584, 0.2379],\n",
      "        [0.2483, 0.2481, 0.2588, 0.2448],\n",
      "        [0.2558, 0.2463, 0.2580, 0.2399],\n",
      "        ...,\n",
      "        [0.2563, 0.2464, 0.2568, 0.2405],\n",
      "        [0.2545, 0.2480, 0.2563, 0.2412],\n",
      "        [0.2489, 0.2470, 0.2598, 0.2442]])\n",
      "Class 0:AUC-ROC- 0.8703, F1 Score- 0.2567; Class 1:AUC-ROC- 0.6578, F1 Score- 0.0707; Class 2:AUC-ROC- 0.5566, F1 Score- 0.1833; Class 3:AUC-ROC- 0.7641, F1 Score- 0.0000; Macro-Average AUC-ROC: 0.7122,Macro-Average F1 Score: 0.1277\n",
      "Epoch [4/100], Loss: 1.3782, Accuracy: 0.3200, Edge Accuracy: 1.0000\n",
      "tensor([[0.2521, 0.2448, 0.2628, 0.2403],\n",
      "        [0.2498, 0.2466, 0.2613, 0.2423],\n",
      "        [0.2528, 0.2468, 0.2585, 0.2418],\n",
      "        ...,\n",
      "        [0.2499, 0.2468, 0.2597, 0.2437],\n",
      "        [0.2499, 0.2473, 0.2584, 0.2443],\n",
      "        [0.2552, 0.2475, 0.2591, 0.2382]], grad_fn=<SoftmaxBackward0>)\n",
      "Class 0:AUC-ROC- 0.9280, F1 Score- 0.5362; Class 1:AUC-ROC- 0.7178, F1 Score- 0.0667; Class 2:AUC-ROC- 0.5563, F1 Score- 0.4444; Class 3:AUC-ROC- 0.8278, F1 Score- 0.0000; Macro-Average AUC-ROC: 0.7575,Macro-Average F1 Score: 0.2618\n",
      "Validation Loss: 1.3780, Validation Accuracy: 0.3100, Validation Edge Accuracy: 1.0000\n",
      "tensor([[0.2566, 0.2461, 0.2585, 0.2388],\n",
      "        [0.2485, 0.2463, 0.2590, 0.2462],\n",
      "        [0.2568, 0.2444, 0.2583, 0.2405],\n",
      "        ...,\n",
      "        [0.2573, 0.2447, 0.2569, 0.2411],\n",
      "        [0.2555, 0.2461, 0.2565, 0.2418],\n",
      "        [0.2489, 0.2452, 0.2602, 0.2457]])\n",
      "Class 0:AUC-ROC- 0.9110, F1 Score- 0.2551; Class 1:AUC-ROC- 0.7024, F1 Score- 0.0187; Class 2:AUC-ROC- 0.6430, F1 Score- 0.1833; Class 3:AUC-ROC- 0.8235, F1 Score- 0.0053; Macro-Average AUC-ROC: 0.7700,Macro-Average F1 Score: 0.1156\n",
      "Epoch [5/100], Loss: 1.3751, Accuracy: 0.3586, Edge Accuracy: 1.0000\n",
      "tensor([[0.2520, 0.2431, 0.2637, 0.2412],\n",
      "        [0.2499, 0.2450, 0.2620, 0.2431],\n",
      "        [0.2531, 0.2452, 0.2593, 0.2425],\n",
      "        ...,\n",
      "        [0.2500, 0.2458, 0.2596, 0.2446],\n",
      "        [0.2500, 0.2460, 0.2593, 0.2448],\n",
      "        [0.2553, 0.2457, 0.2601, 0.2388]], grad_fn=<SoftmaxBackward0>)\n",
      "Class 0:AUC-ROC- 0.9552, F1 Score- 0.5340; Class 1:AUC-ROC- 0.8025, F1 Score- 0.0000; Class 2:AUC-ROC- 0.6551, F1 Score- 0.4444; Class 3:AUC-ROC- 0.8685, F1 Score- 0.0100; Macro-Average AUC-ROC: 0.8203,Macro-Average F1 Score: 0.2471\n",
      "Validation Loss: 1.3760, Validation Accuracy: 0.3500, Validation Edge Accuracy: 1.0000\n",
      "tensor([[0.2574, 0.2445, 0.2585, 0.2396],\n",
      "        [0.2486, 0.2445, 0.2593, 0.2477],\n",
      "        [0.2578, 0.2425, 0.2586, 0.2411],\n",
      "        ...,\n",
      "        [0.2584, 0.2430, 0.2570, 0.2417],\n",
      "        [0.2566, 0.2442, 0.2568, 0.2424],\n",
      "        [0.2489, 0.2434, 0.2606, 0.2472]])\n",
      "Class 0:AUC-ROC- 0.9360, F1 Score- 0.2535; Class 1:AUC-ROC- 0.7359, F1 Score- 0.0031; Class 2:AUC-ROC- 0.7182, F1 Score- 0.1833; Class 3:AUC-ROC- 0.8645, F1 Score- 0.0436; Macro-Average AUC-ROC: 0.8137,Macro-Average F1 Score: 0.1209\n",
      "Epoch [6/100], Loss: 1.3721, Accuracy: 0.3900, Edge Accuracy: 1.0000\n",
      "tensor([[0.2520, 0.2415, 0.2646, 0.2420],\n",
      "        [0.2499, 0.2434, 0.2628, 0.2439],\n",
      "        [0.2533, 0.2435, 0.2601, 0.2432],\n",
      "        ...,\n",
      "        [0.2500, 0.2448, 0.2596, 0.2456],\n",
      "        [0.2500, 0.2448, 0.2600, 0.2452],\n",
      "        [0.2555, 0.2440, 0.2610, 0.2395]], grad_fn=<SoftmaxBackward0>)\n",
      "Class 0:AUC-ROC- 0.9729, F1 Score- 0.5305; Class 1:AUC-ROC- 0.8691, F1 Score- 0.0000; Class 2:AUC-ROC- 0.7414, F1 Score- 0.4444; Class 3:AUC-ROC- 0.8982, F1 Score- 0.0198; Macro-Average AUC-ROC: 0.8704,Macro-Average F1 Score: 0.2487\n",
      "Validation Loss: 1.3740, Validation Accuracy: 0.3800, Validation Edge Accuracy: 1.0000\n",
      "tensor([[0.2582, 0.2430, 0.2584, 0.2404],\n",
      "        [0.2487, 0.2428, 0.2595, 0.2491],\n",
      "        [0.2589, 0.2407, 0.2588, 0.2416],\n",
      "        ...,\n",
      "        [0.2594, 0.2413, 0.2571, 0.2422],\n",
      "        [0.2576, 0.2424, 0.2570, 0.2430],\n",
      "        [0.2489, 0.2417, 0.2609, 0.2486]])\n",
      "Class 0:AUC-ROC- 0.9510, F1 Score- 0.2521; Class 1:AUC-ROC- 0.7584, F1 Score- 0.0000; Class 2:AUC-ROC- 0.7790, F1 Score- 0.1833; Class 3:AUC-ROC- 0.8921, F1 Score- 0.1796; Macro-Average AUC-ROC: 0.8451,Macro-Average F1 Score: 0.1537\n",
      "Epoch [7/100], Loss: 1.3691, Accuracy: 0.4314, Edge Accuracy: 1.0000\n",
      "tensor([[0.2519, 0.2400, 0.2653, 0.2428],\n",
      "        [0.2500, 0.2418, 0.2636, 0.2446],\n",
      "        [0.2536, 0.2417, 0.2609, 0.2438],\n",
      "        ...,\n",
      "        [0.2501, 0.2438, 0.2596, 0.2465],\n",
      "        [0.2500, 0.2435, 0.2608, 0.2457],\n",
      "        [0.2556, 0.2422, 0.2620, 0.2402]], grad_fn=<SoftmaxBackward0>)\n",
      "Class 0:AUC-ROC- 0.9839, F1 Score- 0.5263; Class 1:AUC-ROC- 0.9153, F1 Score- 0.0000; Class 2:AUC-ROC- 0.8067, F1 Score- 0.4444; Class 3:AUC-ROC- 0.9201, F1 Score- 0.1560; Macro-Average AUC-ROC: 0.9065,Macro-Average F1 Score: 0.2817\n",
      "Validation Loss: 1.3721, Validation Accuracy: 0.4200, Validation Edge Accuracy: 1.0000\n",
      "tensor([[0.2590, 0.2415, 0.2584, 0.2412],\n",
      "        [0.2487, 0.2411, 0.2596, 0.2505],\n",
      "        [0.2599, 0.2390, 0.2591, 0.2420],\n",
      "        ...,\n",
      "        [0.2603, 0.2397, 0.2572, 0.2428],\n",
      "        [0.2586, 0.2406, 0.2573, 0.2435],\n",
      "        [0.2489, 0.2401, 0.2611, 0.2499]])\n",
      "Class 0:AUC-ROC- 0.9603, F1 Score- 0.2513; Class 1:AUC-ROC- 0.7722, F1 Score- 0.0000; Class 2:AUC-ROC- 0.8256, F1 Score- 0.1833; Class 3:AUC-ROC- 0.9111, F1 Score- 0.4058; Macro-Average AUC-ROC: 0.8673,Macro-Average F1 Score: 0.2101\n",
      "Epoch [8/100], Loss: 1.3661, Accuracy: 0.4771, Edge Accuracy: 1.0000\n",
      "tensor([[0.2517, 0.2387, 0.2660, 0.2436],\n",
      "        [0.2501, 0.2402, 0.2644, 0.2453],\n",
      "        [0.2540, 0.2399, 0.2618, 0.2444],\n",
      "        ...,\n",
      "        [0.2501, 0.2429, 0.2596, 0.2475],\n",
      "        [0.2500, 0.2424, 0.2615, 0.2461],\n",
      "        [0.2557, 0.2405, 0.2629, 0.2410]], grad_fn=<SoftmaxBackward0>)\n",
      "Class 0:AUC-ROC- 0.9904, F1 Score- 0.5242; Class 1:AUC-ROC- 0.9470, F1 Score- 0.0000; Class 2:AUC-ROC- 0.8574, F1 Score- 0.4444; Class 3:AUC-ROC- 0.9362, F1 Score- 0.4639; Macro-Average AUC-ROC: 0.9328,Macro-Average F1 Score: 0.3581\n",
      "Validation Loss: 1.3701, Validation Accuracy: 0.4400, Validation Edge Accuracy: 1.0000\n",
      "tensor([[0.2598, 0.2400, 0.2583, 0.2419],\n",
      "        [0.2487, 0.2395, 0.2598, 0.2520],\n",
      "        [0.2609, 0.2374, 0.2593, 0.2424],\n",
      "        ...,\n",
      "        [0.2613, 0.2380, 0.2574, 0.2433],\n",
      "        [0.2597, 0.2388, 0.2575, 0.2440],\n",
      "        [0.2489, 0.2386, 0.2613, 0.2513]])\n",
      "Class 0:AUC-ROC- 0.9664, F1 Score- 0.2509; Class 1:AUC-ROC- 0.7795, F1 Score- 0.0000; Class 2:AUC-ROC- 0.8600, F1 Score- 0.1833; Class 3:AUC-ROC- 0.9245, F1 Score- 0.5525; Macro-Average AUC-ROC: 0.8826,Macro-Average F1 Score: 0.2467\n",
      "Epoch [9/100], Loss: 1.3632, Accuracy: 0.5000, Edge Accuracy: 1.0000\n",
      "tensor([[0.2515, 0.2374, 0.2667, 0.2444],\n",
      "        [0.2502, 0.2388, 0.2651, 0.2460],\n",
      "        [0.2543, 0.2381, 0.2627, 0.2449],\n",
      "        ...,\n",
      "        [0.2500, 0.2421, 0.2595, 0.2483],\n",
      "        [0.2500, 0.2413, 0.2621, 0.2466],\n",
      "        [0.2558, 0.2388, 0.2639, 0.2416]], grad_fn=<SoftmaxBackward0>)\n",
      "Class 0:AUC-ROC- 0.9944, F1 Score- 0.5249; Class 1:AUC-ROC- 0.9678, F1 Score- 0.0000; Class 2:AUC-ROC- 0.8935, F1 Score- 0.4444; Class 3:AUC-ROC- 0.9478, F1 Score- 0.6984; Macro-Average AUC-ROC: 0.9509,Macro-Average F1 Score: 0.4169\n",
      "Validation Loss: 1.3682, Validation Accuracy: 0.4700, Validation Edge Accuracy: 1.0000\n",
      "tensor([[0.2605, 0.2385, 0.2583, 0.2427],\n",
      "        [0.2487, 0.2379, 0.2599, 0.2534],\n",
      "        [0.2618, 0.2358, 0.2596, 0.2428],\n",
      "        ...,\n",
      "        [0.2622, 0.2364, 0.2576, 0.2437],\n",
      "        [0.2607, 0.2371, 0.2577, 0.2445],\n",
      "        [0.2488, 0.2371, 0.2615, 0.2526]])\n",
      "Class 0:AUC-ROC- 0.9706, F1 Score- 0.2507; Class 1:AUC-ROC- 0.7829, F1 Score- 0.0000; Class 2:AUC-ROC- 0.8852, F1 Score- 0.1833; Class 3:AUC-ROC- 0.9344, F1 Score- 0.6168; Macro-Average AUC-ROC: 0.8932,Macro-Average F1 Score: 0.2627\n",
      "Epoch [10/100], Loss: 1.3604, Accuracy: 0.5214, Edge Accuracy: 1.0000\n",
      "tensor([[0.2513, 0.2362, 0.2673, 0.2452],\n",
      "        [0.2502, 0.2373, 0.2658, 0.2467],\n",
      "        [0.2547, 0.2365, 0.2635, 0.2454],\n",
      "        ...,\n",
      "        [0.2500, 0.2413, 0.2595, 0.2492],\n",
      "        [0.2499, 0.2403, 0.2628, 0.2470],\n",
      "        [0.2559, 0.2371, 0.2649, 0.2421]], grad_fn=<SoftmaxBackward0>)\n",
      "Class 0:AUC-ROC- 0.9968, F1 Score- 0.5277; Class 1:AUC-ROC- 0.9798, F1 Score- 0.0000; Class 2:AUC-ROC- 0.9198, F1 Score- 0.4444; Class 3:AUC-ROC- 0.9562, F1 Score- 0.7701; Macro-Average AUC-ROC: 0.9632,Macro-Average F1 Score: 0.4356\n",
      "Validation Loss: 1.3662, Validation Accuracy: 0.4800, Validation Edge Accuracy: 1.0000\n",
      "tensor([[0.2612, 0.2371, 0.2584, 0.2434],\n",
      "        [0.2486, 0.2365, 0.2600, 0.2548],\n",
      "        [0.2628, 0.2342, 0.2599, 0.2431],\n",
      "        ...,\n",
      "        [0.2630, 0.2349, 0.2579, 0.2441],\n",
      "        [0.2618, 0.2354, 0.2579, 0.2449],\n",
      "        [0.2487, 0.2356, 0.2617, 0.2540]])\n",
      "Class 0:AUC-ROC- 0.9735, F1 Score- 0.2512; Class 1:AUC-ROC- 0.7842, F1 Score- 0.0000; Class 2:AUC-ROC- 0.9035, F1 Score- 0.1833; Class 3:AUC-ROC- 0.9419, F1 Score- 0.6083; Macro-Average AUC-ROC: 0.9008,Macro-Average F1 Score: 0.2607\n",
      "Epoch [11/100], Loss: 1.3576, Accuracy: 0.5371, Edge Accuracy: 1.0000\n",
      "tensor([[0.2511, 0.2350, 0.2679, 0.2460],\n",
      "        [0.2503, 0.2358, 0.2665, 0.2475],\n",
      "        [0.2550, 0.2349, 0.2643, 0.2458],\n",
      "        ...,\n",
      "        [0.2499, 0.2406, 0.2595, 0.2500],\n",
      "        [0.2499, 0.2394, 0.2633, 0.2474],\n",
      "        [0.2562, 0.2353, 0.2659, 0.2426]], grad_fn=<SoftmaxBackward0>)\n",
      "Class 0:AUC-ROC- 0.9980, F1 Score- 0.5298; Class 1:AUC-ROC- 0.9865, F1 Score- 0.0000; Class 2:AUC-ROC- 0.9391, F1 Score- 0.4444; Class 3:AUC-ROC- 0.9629, F1 Score- 0.8281; Macro-Average AUC-ROC: 0.9716,Macro-Average F1 Score: 0.4506\n",
      "Validation Loss: 1.3643, Validation Accuracy: 0.4800, Validation Edge Accuracy: 1.0000\n",
      "tensor([[0.2619, 0.2357, 0.2584, 0.2440],\n",
      "        [0.2485, 0.2351, 0.2601, 0.2562],\n",
      "        [0.2638, 0.2327, 0.2602, 0.2433],\n",
      "        ...,\n",
      "        [0.2639, 0.2334, 0.2582, 0.2445],\n",
      "        [0.2628, 0.2339, 0.2582, 0.2452],\n",
      "        [0.2486, 0.2342, 0.2619, 0.2553]])\n",
      "Class 0:AUC-ROC- 0.9755, F1 Score- 0.2521; Class 1:AUC-ROC- 0.7846, F1 Score- 0.0000; Class 2:AUC-ROC- 0.9171, F1 Score- 0.1833; Class 3:AUC-ROC- 0.9478, F1 Score- 0.5720; Macro-Average AUC-ROC: 0.9063,Macro-Average F1 Score: 0.2519\n",
      "Epoch [12/100], Loss: 1.3547, Accuracy: 0.5486, Edge Accuracy: 1.0000\n",
      "tensor([[0.2509, 0.2338, 0.2685, 0.2468],\n",
      "        [0.2503, 0.2343, 0.2672, 0.2482],\n",
      "        [0.2553, 0.2333, 0.2651, 0.2463],\n",
      "        ...,\n",
      "        [0.2498, 0.2400, 0.2595, 0.2507],\n",
      "        [0.2498, 0.2385, 0.2639, 0.2478],\n",
      "        [0.2565, 0.2337, 0.2668, 0.2430]], grad_fn=<SoftmaxBackward0>)\n",
      "Class 0:AUC-ROC- 0.9987, F1 Score- 0.5326; Class 1:AUC-ROC- 0.9902, F1 Score- 0.0000; Class 2:AUC-ROC- 0.9530, F1 Score- 0.4444; Class 3:AUC-ROC- 0.9684, F1 Score- 0.8456; Macro-Average AUC-ROC: 0.9776,Macro-Average F1 Score: 0.4557\n",
      "Validation Loss: 1.3622, Validation Accuracy: 0.4800, Validation Edge Accuracy: 1.0000\n",
      "tensor([[0.2626, 0.2343, 0.2585, 0.2446],\n",
      "        [0.2484, 0.2339, 0.2602, 0.2575],\n",
      "        [0.2648, 0.2313, 0.2604, 0.2435],\n",
      "        ...,\n",
      "        [0.2647, 0.2320, 0.2585, 0.2447],\n",
      "        [0.2639, 0.2323, 0.2584, 0.2454],\n",
      "        [0.2483, 0.2329, 0.2621, 0.2566]])\n",
      "Class 0:AUC-ROC- 0.9769, F1 Score- 0.2532; Class 1:AUC-ROC- 0.7850, F1 Score- 0.0000; Class 2:AUC-ROC- 0.9275, F1 Score- 0.1833; Class 3:AUC-ROC- 0.9526, F1 Score- 0.5276; Macro-Average AUC-ROC: 0.9105,Macro-Average F1 Score: 0.2410\n",
      "Epoch [13/100], Loss: 1.3519, Accuracy: 0.5586, Edge Accuracy: 1.0000\n",
      "tensor([[0.2508, 0.2326, 0.2691, 0.2476],\n",
      "        [0.2503, 0.2329, 0.2680, 0.2489],\n",
      "        [0.2556, 0.2318, 0.2659, 0.2466],\n",
      "        ...,\n",
      "        [0.2496, 0.2394, 0.2596, 0.2514],\n",
      "        [0.2497, 0.2377, 0.2645, 0.2481],\n",
      "        [0.2567, 0.2320, 0.2679, 0.2435]], grad_fn=<SoftmaxBackward0>)\n",
      "Class 0:AUC-ROC- 0.9990, F1 Score- 0.5369; Class 1:AUC-ROC- 0.9925, F1 Score- 0.0000; Class 2:AUC-ROC- 0.9633, F1 Score- 0.4444; Class 3:AUC-ROC- 0.9730, F1 Score- 0.8412; Macro-Average AUC-ROC: 0.9819,Macro-Average F1 Score: 0.4556\n",
      "Validation Loss: 1.3602, Validation Accuracy: 0.5100, Validation Edge Accuracy: 1.0000\n",
      "tensor([[0.2634, 0.2330, 0.2585, 0.2450],\n",
      "        [0.2482, 0.2327, 0.2602, 0.2588],\n",
      "        [0.2657, 0.2300, 0.2606, 0.2436],\n",
      "        ...,\n",
      "        [0.2656, 0.2306, 0.2588, 0.2449],\n",
      "        [0.2650, 0.2309, 0.2585, 0.2456],\n",
      "        [0.2481, 0.2317, 0.2622, 0.2580]])\n",
      "Class 0:AUC-ROC- 0.9778, F1 Score- 0.2555; Class 1:AUC-ROC- 0.7860, F1 Score- 0.0000; Class 2:AUC-ROC- 0.9354, F1 Score- 0.1833; Class 3:AUC-ROC- 0.9564, F1 Score- 0.4859; Macro-Average AUC-ROC: 0.9139,Macro-Average F1 Score: 0.2312\n",
      "Epoch [14/100], Loss: 1.3491, Accuracy: 0.5686, Edge Accuracy: 1.0000\n",
      "tensor([[0.2506, 0.2314, 0.2696, 0.2484],\n",
      "        [0.2503, 0.2315, 0.2687, 0.2495],\n",
      "        [0.2559, 0.2304, 0.2668, 0.2470],\n",
      "        ...,\n",
      "        [0.2494, 0.2389, 0.2596, 0.2520],\n",
      "        [0.2495, 0.2369, 0.2651, 0.2485],\n",
      "        [0.2569, 0.2304, 0.2689, 0.2439]], grad_fn=<SoftmaxBackward0>)\n",
      "Class 0:AUC-ROC- 0.9993, F1 Score- 0.5435; Class 1:AUC-ROC- 0.9937, F1 Score- 0.0000; Class 2:AUC-ROC- 0.9708, F1 Score- 0.4444; Class 3:AUC-ROC- 0.9765, F1 Score- 0.8136; Macro-Average AUC-ROC: 0.9851,Macro-Average F1 Score: 0.4504\n",
      "Validation Loss: 1.3580, Validation Accuracy: 0.5300, Validation Edge Accuracy: 1.0000\n",
      "tensor([[0.2643, 0.2318, 0.2586, 0.2453],\n",
      "        [0.2480, 0.2317, 0.2603, 0.2601],\n",
      "        [0.2667, 0.2288, 0.2608, 0.2437],\n",
      "        ...,\n",
      "        [0.2665, 0.2292, 0.2592, 0.2451],\n",
      "        [0.2660, 0.2296, 0.2587, 0.2457],\n",
      "        [0.2478, 0.2306, 0.2624, 0.2592]])\n",
      "Class 0:AUC-ROC- 0.9785, F1 Score- 0.2580; Class 1:AUC-ROC- 0.7876, F1 Score- 0.0000; Class 2:AUC-ROC- 0.9416, F1 Score- 0.1833; Class 3:AUC-ROC- 0.9595, F1 Score- 0.4564; Macro-Average AUC-ROC: 0.9168,Macro-Average F1 Score: 0.2244\n",
      "Epoch [15/100], Loss: 1.3462, Accuracy: 0.5843, Edge Accuracy: 1.0000\n",
      "tensor([[0.2504, 0.2303, 0.2701, 0.2492],\n",
      "        [0.2502, 0.2302, 0.2695, 0.2501],\n",
      "        [0.2561, 0.2289, 0.2677, 0.2473],\n",
      "        ...,\n",
      "        [0.2492, 0.2385, 0.2597, 0.2526],\n",
      "        [0.2494, 0.2360, 0.2658, 0.2488],\n",
      "        [0.2570, 0.2288, 0.2699, 0.2443]], grad_fn=<SoftmaxBackward0>)\n",
      "Class 0:AUC-ROC- 0.9994, F1 Score- 0.5487; Class 1:AUC-ROC- 0.9948, F1 Score- 0.0000; Class 2:AUC-ROC- 0.9767, F1 Score- 0.4444; Class 3:AUC-ROC- 0.9796, F1 Score- 0.7886; Macro-Average AUC-ROC: 0.9876,Macro-Average F1 Score: 0.4454\n",
      "Validation Loss: 1.3557, Validation Accuracy: 0.5300, Validation Edge Accuracy: 1.0000\n",
      "tensor([[0.2652, 0.2306, 0.2587, 0.2456],\n",
      "        [0.2477, 0.2307, 0.2603, 0.2613],\n",
      "        [0.2677, 0.2277, 0.2609, 0.2437],\n",
      "        ...,\n",
      "        [0.2674, 0.2279, 0.2596, 0.2451],\n",
      "        [0.2671, 0.2283, 0.2589, 0.2457],\n",
      "        [0.2475, 0.2296, 0.2625, 0.2604]])\n",
      "Class 0:AUC-ROC- 0.9790, F1 Score- 0.2612; Class 1:AUC-ROC- 0.7902, F1 Score- 0.0000; Class 2:AUC-ROC- 0.9466, F1 Score- 0.1833; Class 3:AUC-ROC- 0.9621, F1 Score- 0.4319; Macro-Average AUC-ROC: 0.9195,Macro-Average F1 Score: 0.2191\n",
      "Epoch [16/100], Loss: 1.3433, Accuracy: 0.6071, Edge Accuracy: 1.0000\n",
      "tensor([[0.2501, 0.2293, 0.2707, 0.2499],\n",
      "        [0.2501, 0.2290, 0.2703, 0.2507],\n",
      "        [0.2563, 0.2275, 0.2686, 0.2476],\n",
      "        ...,\n",
      "        [0.2489, 0.2382, 0.2597, 0.2531],\n",
      "        [0.2492, 0.2353, 0.2664, 0.2492],\n",
      "        [0.2572, 0.2273, 0.2709, 0.2446]], grad_fn=<SoftmaxBackward0>)\n",
      "Class 0:AUC-ROC- 0.9996, F1 Score- 0.5571; Class 1:AUC-ROC- 0.9956, F1 Score- 0.0000; Class 2:AUC-ROC- 0.9812, F1 Score- 0.4444; Class 3:AUC-ROC- 0.9819, F1 Score- 0.7833; Macro-Average AUC-ROC: 0.9896,Macro-Average F1 Score: 0.4462\n",
      "Validation Loss: 1.3534, Validation Accuracy: 0.5300, Validation Edge Accuracy: 1.0000\n",
      "tensor([[0.2661, 0.2294, 0.2587, 0.2458],\n",
      "        [0.2474, 0.2298, 0.2603, 0.2625],\n",
      "        [0.2687, 0.2266, 0.2611, 0.2436],\n",
      "        ...,\n",
      "        [0.2683, 0.2266, 0.2600, 0.2452],\n",
      "        [0.2681, 0.2271, 0.2591, 0.2457],\n",
      "        [0.2472, 0.2287, 0.2625, 0.2616]])\n",
      "Class 0:AUC-ROC- 0.9794, F1 Score- 0.2646; Class 1:AUC-ROC- 0.7941, F1 Score- 0.0000; Class 2:AUC-ROC- 0.9506, F1 Score- 0.1833; Class 3:AUC-ROC- 0.9641, F1 Score- 0.4134; Macro-Average AUC-ROC: 0.9221,Macro-Average F1 Score: 0.2153\n",
      "Epoch [17/100], Loss: 1.3403, Accuracy: 0.6314, Edge Accuracy: 1.0000\n",
      "tensor([[0.2498, 0.2283, 0.2713, 0.2506],\n",
      "        [0.2500, 0.2278, 0.2710, 0.2511],\n",
      "        [0.2565, 0.2261, 0.2696, 0.2478],\n",
      "        ...,\n",
      "        [0.2486, 0.2380, 0.2597, 0.2536],\n",
      "        [0.2490, 0.2345, 0.2670, 0.2495],\n",
      "        [0.2573, 0.2258, 0.2719, 0.2449]], grad_fn=<SoftmaxBackward0>)\n",
      "Class 0:AUC-ROC- 0.9997, F1 Score- 0.5690; Class 1:AUC-ROC- 0.9962, F1 Score- 0.0000; Class 2:AUC-ROC- 0.9844, F1 Score- 0.4444; Class 3:AUC-ROC- 0.9840, F1 Score- 0.7557; Macro-Average AUC-ROC: 0.9911,Macro-Average F1 Score: 0.4423\n",
      "Validation Loss: 1.3509, Validation Accuracy: 0.5300, Validation Edge Accuracy: 1.0000\n",
      "tensor([[0.2671, 0.2282, 0.2588, 0.2459],\n",
      "        [0.2470, 0.2290, 0.2603, 0.2637],\n",
      "        [0.2697, 0.2254, 0.2613, 0.2435],\n",
      "        ...,\n",
      "        [0.2692, 0.2253, 0.2603, 0.2451],\n",
      "        [0.2692, 0.2260, 0.2592, 0.2456],\n",
      "        [0.2468, 0.2279, 0.2626, 0.2627]])\n",
      "Class 0:AUC-ROC- 0.9797, F1 Score- 0.2689; Class 1:AUC-ROC- 0.7997, F1 Score- 0.0000; Class 2:AUC-ROC- 0.9540, F1 Score- 0.1833; Class 3:AUC-ROC- 0.9658, F1 Score- 0.4004; Macro-Average AUC-ROC: 0.9248,Macro-Average F1 Score: 0.2131\n",
      "Epoch [18/100], Loss: 1.3373, Accuracy: 0.6686, Edge Accuracy: 1.0000\n",
      "tensor([[0.2495, 0.2273, 0.2719, 0.2513],\n",
      "        [0.2498, 0.2268, 0.2718, 0.2515],\n",
      "        [0.2566, 0.2248, 0.2707, 0.2479],\n",
      "        ...,\n",
      "        [0.2483, 0.2379, 0.2597, 0.2540],\n",
      "        [0.2488, 0.2338, 0.2675, 0.2499],\n",
      "        [0.2574, 0.2245, 0.2730, 0.2452]], grad_fn=<SoftmaxBackward0>)\n",
      "Class 0:AUC-ROC- 0.9997, F1 Score- 0.5865; Class 1:AUC-ROC- 0.9967, F1 Score- 0.0000; Class 2:AUC-ROC- 0.9870, F1 Score- 0.4444; Class 3:AUC-ROC- 0.9855, F1 Score- 0.7509; Macro-Average AUC-ROC: 0.9922,Macro-Average F1 Score: 0.4455\n",
      "Validation Loss: 1.3484, Validation Accuracy: 0.5900, Validation Edge Accuracy: 1.0000\n",
      "tensor([[0.2681, 0.2271, 0.2589, 0.2459],\n",
      "        [0.2465, 0.2284, 0.2603, 0.2648],\n",
      "        [0.2707, 0.2244, 0.2615, 0.2434],\n",
      "        ...,\n",
      "        [0.2702, 0.2242, 0.2606, 0.2450],\n",
      "        [0.2702, 0.2250, 0.2594, 0.2454],\n",
      "        [0.2463, 0.2271, 0.2627, 0.2638]])\n",
      "Class 0:AUC-ROC- 0.9799, F1 Score- 0.2736; Class 1:AUC-ROC- 0.8074, F1 Score- 0.0000; Class 2:AUC-ROC- 0.9568, F1 Score- 0.1833; Class 3:AUC-ROC- 0.9671, F1 Score- 0.3909; Macro-Average AUC-ROC: 0.9278,Macro-Average F1 Score: 0.2119\n",
      "Epoch [19/100], Loss: 1.3342, Accuracy: 0.6829, Edge Accuracy: 1.0000\n",
      "tensor([[0.2491, 0.2264, 0.2726, 0.2519],\n",
      "        [0.2496, 0.2258, 0.2727, 0.2519],\n",
      "        [0.2567, 0.2235, 0.2719, 0.2479],\n",
      "        ...,\n",
      "        [0.2479, 0.2379, 0.2597, 0.2544],\n",
      "        [0.2486, 0.2331, 0.2681, 0.2502],\n",
      "        [0.2575, 0.2231, 0.2741, 0.2453]], grad_fn=<SoftmaxBackward0>)\n",
      "Class 0:AUC-ROC- 0.9998, F1 Score- 0.5988; Class 1:AUC-ROC- 0.9972, F1 Score- 0.0000; Class 2:AUC-ROC- 0.9889, F1 Score- 0.4444; Class 3:AUC-ROC- 0.9868, F1 Score- 0.7398; Macro-Average AUC-ROC: 0.9932,Macro-Average F1 Score: 0.4458\n",
      "Validation Loss: 1.3457, Validation Accuracy: 0.5900, Validation Edge Accuracy: 1.0000\n",
      "tensor([[0.2691, 0.2261, 0.2590, 0.2458],\n",
      "        [0.2460, 0.2278, 0.2603, 0.2659],\n",
      "        [0.2717, 0.2234, 0.2617, 0.2432],\n",
      "        ...,\n",
      "        [0.2713, 0.2231, 0.2609, 0.2447],\n",
      "        [0.2711, 0.2240, 0.2597, 0.2452],\n",
      "        [0.2459, 0.2265, 0.2628, 0.2649]])\n",
      "Class 0:AUC-ROC- 0.9800, F1 Score- 0.2792; Class 1:AUC-ROC- 0.8176, F1 Score- 0.0000; Class 2:AUC-ROC- 0.9592, F1 Score- 0.1833; Class 3:AUC-ROC- 0.9682, F1 Score- 0.3838; Macro-Average AUC-ROC: 0.9312,Macro-Average F1 Score: 0.2116\n",
      "Epoch [20/100], Loss: 1.3310, Accuracy: 0.7043, Edge Accuracy: 1.0000\n",
      "tensor([[0.2486, 0.2256, 0.2733, 0.2525],\n",
      "        [0.2493, 0.2250, 0.2735, 0.2522],\n",
      "        [0.2566, 0.2224, 0.2731, 0.2479],\n",
      "        ...,\n",
      "        [0.2475, 0.2381, 0.2596, 0.2548],\n",
      "        [0.2484, 0.2324, 0.2688, 0.2504],\n",
      "        [0.2575, 0.2219, 0.2752, 0.2453]], grad_fn=<SoftmaxBackward0>)\n",
      "Class 0:AUC-ROC- 0.9999, F1 Score- 0.6098; Class 1:AUC-ROC- 0.9974, F1 Score- 0.0000; Class 2:AUC-ROC- 0.9907, F1 Score- 0.4444; Class 3:AUC-ROC- 0.9879, F1 Score- 0.7276; Macro-Average AUC-ROC: 0.9940,Macro-Average F1 Score: 0.4455\n",
      "Validation Loss: 1.3429, Validation Accuracy: 0.6100, Validation Edge Accuracy: 1.0000\n",
      "tensor([[0.2703, 0.2251, 0.2591, 0.2455],\n",
      "        [0.2455, 0.2273, 0.2602, 0.2670],\n",
      "        [0.2727, 0.2224, 0.2619, 0.2430],\n",
      "        ...,\n",
      "        [0.2724, 0.2222, 0.2611, 0.2444],\n",
      "        [0.2720, 0.2231, 0.2600, 0.2449],\n",
      "        [0.2454, 0.2258, 0.2629, 0.2659]])\n",
      "Class 0:AUC-ROC- 0.9801, F1 Score- 0.2848; Class 1:AUC-ROC- 0.8304, F1 Score- 0.0000; Class 2:AUC-ROC- 0.9611, F1 Score- 0.1833; Class 3:AUC-ROC- 0.9691, F1 Score- 0.3788; Macro-Average AUC-ROC: 0.9352,Macro-Average F1 Score: 0.2117\n",
      "Epoch [21/100], Loss: 1.3277, Accuracy: 0.7200, Edge Accuracy: 1.0000\n",
      "tensor([[0.2481, 0.2247, 0.2741, 0.2531],\n",
      "        [0.2490, 0.2241, 0.2744, 0.2525],\n",
      "        [0.2566, 0.2213, 0.2743, 0.2479],\n",
      "        ...,\n",
